,2015/11/11 14:09:05
pickUpTU
ÉgÉÄ, ,
,,
,,
Mu, ,
,,
,,
êØ, ,
,,
,,
Ra, ,
,,
,,
è„à , ,
,,
,,
Diz, ,
,,
,,
ÇŒÇÊ, ,
,,
,,
óíéR, ,
,,
,,
Ç≥ÇÒÇÁÇ¢Ç∏, ,
,,
,,
Ç∆ÇÌÇ¢ÇÁÇ¢Ç∆, ,
,,
,,
pickUpRank
ranking
pickUpBU
